000000000000000
000000000010011
000000000100110
000000000110101
000000001001100
000000001011111
000000001101010
000000001111001
000000010001011
000000010011000
000000010101101
000000010111110
000000011000111
000000011010100
000000011100001
000000011110010
000000100000101
000000100010110
000000100100011
000000100110000
000000101001001
000000101011010
000000101101111
000000101111100
000000110001110
000000110011101
000000110101000
000000110111011
000000111000010
000000111010001
000000111100100
000000111110111
000001000001010
000001000011001
000001000101100
000001000111111
000001001000110
000001001010101
000001001100000
000001001110011
000001010000001
000001010010010
000001010100111
000001010110100
000001011001101
000001011011110
000001011101011
000001011111000
000001100001111
000001100011100
000001100101001
000001100111010
000001101000011
000001101010000
000001101100101
000001101110110
000001110000100
000001110010111
000001110100010
000001110110001
000001111001000
000001111011011
000001111101110
000001111111101
000010000000111
000010000010100
000010000100001
000010000110010
000010001001011
000010001011000
000010001101101
000010001111110
000010010001100
000010010011111
000010010101010
000010010111001
000010011000000
000010011010011
000010011100110
000010011110101
000010100000010
000010100010001
000010100100100
000010100110111
000010101001110
000010101011101
000010101101000
000010101111011
000010110001001
000010110011010
000010110101111
000010110111100
000010111000101
000010111010110
000010111100011
000010111110000
000011000001101
000011000011110
000011000101011
000011000111000
000011001000001
000011001010010
000011001100111
000011001110100
000011010000110
000011010010101
000011010100000
000011010110011
000011011001010
000011011011001
000011011101100
000011011111111
000011100001000
000011100011011
000011100101110
000011100111101
000011101000100
000011101010111
000011101100010
000011101110001
000011110000011
000011110010000
000011110100101
000011110110110
000011111001111
000011111011100
000011111101001
000011111111010
000100000001110
000100000011101
000100000101000
000100000111011
000100001000010
000100001010001
000100001100100
000100001110111
000100010000101
000100010010110
000100010100011
000100010110000
000100011001001
000100011011010
000100011101111
000100011111100
000100100001011
000100100011000
000100100101101
000100100111110
000100101000111
000100101010100
000100101100001
000100101110010
000100110000000
000100110010011
000100110100110
000100110110101
000100111001100
000100111011111
000100111101010
000100111111001
000101000000100
000101000010111
000101000100010
000101000110001
000101001001000
000101001011011
000101001101110
000101001111101
000101010001111
000101010011100
000101010101001
000101010111010
000101011000011
000101011010000
000101011100101
000101011110110
000101100000001
000101100010010
000101100100111
000101100110100
000101101001101
000101101011110
000101101101011
000101101111000
000101110001010
000101110011001
000101110101100
000101110111111
000101111000110
000101111010101
000101111100000
000101111110011
000110000001001
000110000011010
000110000101111
000110000111100
000110001000101
000110001010110
000110001100011
000110001110000
000110010000010
000110010010001
000110010100100
000110010110111
000110011001110
000110011011101
000110011101000
000110011111011
000110100001100
000110100011111
000110100101010
000110100111001
000110101000000
000110101010011
000110101100110
000110101110101
000110110000111
000110110010100
000110110100001
000110110110010
000110111001011
000110111011000
000110111101101
000110111111110
000111000000011
000111000010000
000111000100101
000111000110110
000111001001111
000111001011100
000111001101001
000111001111010
000111010001000
000111010011011
000111010101110
000111010111101
000111011000100
000111011010111
000111011100010
000111011110001
000111100000110
000111100010101
000111100100000
000111100110011
000111101001010
000111101011001
000111101101100
000111101111111
000111110001101
000111110011110
000111110101011
000111110111000
000111111000001
000111111010010
000111111100111
000111111110100
001000000001111
001000000011100
001000000101001
001000000111010
001000001000011
001000001010000
001000001100101
001000001110110
001000010000100
001000010010111
001000010100010
001000010110001
001000011001000
001000011011011
001000011101110
001000011111101
001000100001010
001000100011001
001000100101100
001000100111111
001000101000110
001000101010101
001000101100000
001000101110011
001000110000001
001000110010010
001000110100111
001000110110100
001000111001101
001000111011110
001000111101011
001000111111000
001001000000101
001001000010110
001001000100011
001001000110000
001001001001001
001001001011010
001001001101111
001001001111100
001001010001110
001001010011101
001001010101000
001001010111011
001001011000010
001001011010001
001001011100100
001001011110111
001001100000000
001001100010011
001001100100110
001001100110101
001001101001100
001001101011111
001001101101010
001001101111001
001001110001011
001001110011000
001001110101101
001001110111110
001001111000111
001001111010100
001001111100001
001001111110010
001010000001000
001010000011011
001010000101110
001010000111101
001010001000100
001010001010111
001010001100010
001010001110001
001010010000011
001010010010000
001010010100101
001010010110110
001010011001111
001010011011100
001010011101001
001010011111010
001010100001101
001010100011110
001010100101011
001010100111000
001010101000001
001010101010010
001010101100111
001010101110100
001010110000110
001010110010101
001010110100000
001010110110011
001010111001010
001010111011001
001010111101100
001010111111111
001011000000010
001011000010001
001011000100100
001011000110111
001011001001110
001011001011101
001011001101000
001011001111011
001011010001001
001011010011010
001011010101111
001011010111100
001011011000101
001011011010110
001011011100011
001011011110000
001011100000111
001011100010100
001011100100001
001011100110010
001011101001011
001011101011000
001011101101101
001011101111110
001011110001100
001011110011111
001011110101010
001011110111001
001011111000000
001011111010011
001011111100110
001011111110101
001100000000001
001100000010010
001100000100111
001100000110100
001100001001101
001100001011110
001100001101011
001100001111000
001100010001010
001100010011001
001100010101100
001100010111111
001100011000110
001100011010101
001100011100000
001100011110011
001100100000100
001100100010111
001100100100010
001100100110001
001100101001000
001100101011011
001100101101110
001100101111101
001100110001111
001100110011100
001100110101001
001100110111010
001100111000011
001100111010000
001100111100101
001100111110110
001101000001011
001101000011000
001101000101101
001101000111110
001101001000111
001101001010100
001101001100001
001101001110010
001101010000000
001101010010011
001101010100110
001101010110101
001101011001100
001101011011111
001101011101010
001101011111001
001101100001110
001101100011101
001101100101000
001101100111011
001101101000010
001101101010001
001101101100100
001101101110111
001101110000101
001101110010110
001101110100011
001101110110000
001101111001001
001101111011010
001101111101111
001101111111100
001110000000110
001110000010101
001110000100000
001110000110011
001110001001010
001110001011001
001110001101100
001110001111111
001110010001101
001110010011110
001110010101011
001110010111000
001110011000001
001110011010010
001110011100111
001110011110100
001110100000011
001110100010000
001110100100101
001110100110110
001110101001111
001110101011100
001110101101001
001110101111010
001110110001000
001110110011011
001110110101110
001110110111101
001110111000100
001110111010111
001110111100010
001110111110001
001111000001100
001111000011111
001111000101010
001111000111001
001111001000000
001111001010011
001111001100110
001111001110101
001111010000111
001111010010100
001111010100001
001111010110010
001111011001011
001111011011000
001111011101101
001111011111110
001111100001001
001111100011010
001111100101111
001111100111100
001111101000101
001111101010110
001111101100011
001111101110000
001111110000010
001111110010001
001111110100100
001111110110111
001111111001110
001111111011101
001111111101000
001111111111011
010000000001101
010000000011110
010000000101011
010000000111000
010000001000001
010000001010010
010000001100111
010000001110100
010000010000110
010000010010101
010000010100000
010000010110011
010000011001010
010000011011001
010000011101100
010000011111111
010000100001000
010000100011011
010000100101110
010000100111101
010000101000100
010000101010111
010000101100010
010000101110001
010000110000011
010000110010000
010000110100101
010000110110110
010000111001111
010000111011100
010000111101001
010000111111010
010001000000111
010001000010100
010001000100001
010001000110010
010001001001011
010001001011000
010001001101101
010001001111110
010001010001100
010001010011111
010001010101010
010001010111001
010001011000000
010001011010011
010001011100110
010001011110101
010001100000010
010001100010001
010001100100100
010001100110111
010001101001110
010001101011101
010001101101000
010001101111011
010001110001001
010001110011010
010001110101111
010001110111100
010001111000101
010001111010110
010001111100011
010001111110000
010010000001010
010010000011001
010010000101100
010010000111111
010010001000110
010010001010101
010010001100000
010010001110011
010010010000001
010010010010010
010010010100111
010010010110100
010010011001101
010010011011110
010010011101011
010010011111000
010010100001111
010010100011100
010010100101001
010010100111010
010010101000011
010010101010000
010010101100101
010010101110110
010010110000100
010010110010111
010010110100010
010010110110001
010010111001000
010010111011011
010010111101110
010010111111101
010011000000000
010011000010011
010011000100110
010011000110101
010011001001100
010011001011111
010011001101010
010011001111001
010011010001011
010011010011000
010011010101101
010011010111110
010011011000111
010011011010100
010011011100001
010011011110010
010011100000101
010011100010110
010011100100011
010011100110000
010011101001001
010011101011010
010011101101111
010011101111100
010011110001110
010011110011101
010011110101000
010011110111011
010011111000010
010011111010001
010011111100100
010011111110111
010100000000011
010100000010000
010100000100101
010100000110110
010100001001111
010100001011100
010100001101001
010100001111010
010100010001000
010100010011011
010100010101110
010100010111101
010100011000100
010100011010111
010100011100010
010100011110001
010100100000110
010100100010101
010100100100000
010100100110011
010100101001010
010100101011001
010100101101100
010100101111111
010100110001101
010100110011110
010100110101011
010100110111000
010100111000001
010100111010010
010100111100111
010100111110100
010101000001001
010101000011010
010101000101111
010101000111100
010101001000101
010101001010110
010101001100011
010101001110000
010101010000010
010101010010001
010101010100100
010101010110111
010101011001110
010101011011101
010101011101000
010101011111011
010101100001100
010101100011111
010101100101010
010101100111001
010101101000000
010101101010011
010101101100110
010101101110101
010101110000111
010101110010100
010101110100001
010101110110010
010101111001011
010101111011000
010101111101101
010101111111110
010110000000100
010110000010111
010110000100010
010110000110001
010110001001000
010110001011011
010110001101110
010110001111101
010110010001111
010110010011100
010110010101001
010110010111010
010110011000011
010110011010000
010110011100101
010110011110110
010110100000001
010110100010010
010110100100111
010110100110100
010110101001101
010110101011110
010110101101011
010110101111000
010110110001010
010110110011001
010110110101100
010110110111111
010110111000110
010110111010101
010110111100000
010110111110011
010111000001110
010111000011101
010111000101000
010111000111011
010111001000010
010111001010001
010111001100100
010111001110111
010111010000101
010111010010110
010111010100011
010111010110000
010111011001001
010111011011010
010111011101111
010111011111100
010111100001011
010111100011000
010111100101101
010111100111110
010111101000111
010111101010100
010111101100001
010111101110010
010111110000000
010111110010011
010111110100110
010111110110101
010111111001100
010111111011111
010111111101010
010111111111001
011000000000010
011000000010001
011000000100100
011000000110111
011000001001110
011000001011101
011000001101000
011000001111011
011000010001001
011000010011010
011000010101111
011000010111100
011000011000101
011000011010110
011000011100011
011000011110000
011000100000111
011000100010100
011000100100001
011000100110010
011000101001011
011000101011000
011000101101101
011000101111110
011000110001100
011000110011111
011000110101010
011000110111001
011000111000000
011000111010011
011000111100110
011000111110101
011001000001000
011001000011011
011001000101110
011001000111101
011001001000100
011001001010111
011001001100010
011001001110001
011001010000011
011001010010000
011001010100101
011001010110110
011001011001111
011001011011100
011001011101001
011001011111010
011001100001101
011001100011110
011001100101011
011001100111000
011001101000001
011001101010010
011001101100111
011001101110100
011001110000110
011001110010101
011001110100000
011001110110011
011001111001010
011001111011001
011001111101100
011001111111111
011010000000101
011010000010110
011010000100011
011010000110000
011010001001001
011010001011010
011010001101111
011010001111100
011010010001110
011010010011101
011010010101000
011010010111011
011010011000010
011010011010001
011010011100100
011010011110111
011010100000000
011010100010011
011010100100110
011010100110101
011010101001100
011010101011111
011010101101010
011010101111001
011010110001011
011010110011000
011010110101101
011010110111110
011010111000111
011010111010100
011010111100001
011010111110010
011011000001111
011011000011100
011011000101001
011011000111010
011011001000011
011011001010000
011011001100101
011011001110110
011011010000100
011011010010111
011011010100010
011011010110001
011011011001000
011011011011011
011011011101110
011011011111101
011011100001010
011011100011001
011011100101100
011011100111111
011011101000110
011011101010101
011011101100000
011011101110011
011011110000001
011011110010010
011011110100111
011011110110100
011011111001101
011011111011110
011011111101011
011011111111000
011100000001100
011100000011111
011100000101010
011100000111001
011100001000000
011100001010011
011100001100110
011100001110101
011100010000111
011100010010100
011100010100001
011100010110010
011100011001011
011100011011000
011100011101101
011100011111110
011100100001001
011100100011010
011100100101111
011100100111100
011100101000101
011100101010110
011100101100011
011100101110000
011100110000010
011100110010001
011100110100100
011100110110111
011100111001110
011100111011101
011100111101000
011100111111011
011101000000110
011101000010101
011101000100000
011101000110011
011101001001010
011101001011001
011101001101100
011101001111111
011101010001101
011101010011110
011101010101011
011101010111000
011101011000001
011101011010010
011101011100111
011101011110100
011101100000011
011101100010000
011101100100101
011101100110110
011101101001111
011101101011100
011101101101001
011101101111010
011101110001000
011101110011011
011101110101110
011101110111101
011101111000100
011101111010111
011101111100010
011101111110001
011110000001011
011110000011000
011110000101101
011110000111110
011110001000111
011110001010100
011110001100001
011110001110010
011110010000000
011110010010011
011110010100110
011110010110101
011110011001100
011110011011111
011110011101010
011110011111001
011110100001110
011110100011101
011110100101000
011110100111011
011110101000010
011110101010001
011110101100100
011110101110111
011110110000101
011110110010110
011110110100011
011110110110000
011110111001001
011110111011010
011110111101111
011110111111100
011111000000001
011111000010010
011111000100111
011111000110100
011111001001101
011111001011110
011111001101011
011111001111000
011111010001010
011111010011001
011111010101100
011111010111111
011111011000110
011111011010101
011111011100000
011111011110011
011111100000100
011111100010111
011111100100010
011111100110001
011111101001000
011111101011011
011111101101110
011111101111101
011111110001111
011111110011100
011111110101001
011111110111010
011111111000011
011111111010000
011111111100101
011111111110110
100000000001001
100000000011010
100000000101111
100000000111100
100000001000101
100000001010110
100000001100011
100000001110000
100000010000010
100000010010001
100000010100100
100000010110111
100000011001110
100000011011101
100000011101000
100000011111011
100000100001100
100000100011111
100000100101010
100000100111001
100000101000000
100000101010011
100000101100110
100000101110101
100000110000111
100000110010100
100000110100001
100000110110010
100000111001011
100000111011000
100000111101101
100000111111110
100001000000011
100001000010000
100001000100101
100001000110110
100001001001111
100001001011100
100001001101001
100001001111010
100001010001000
100001010011011
100001010101110
100001010111101
100001011000100
100001011010111
100001011100010
100001011110001
100001100000110
100001100010101
100001100100000
100001100110011
100001101001010
100001101011001
100001101101100
100001101111111
100001110001101
100001110011110
100001110101011
100001110111000
100001111000001
100001111010010
100001111100111
100001111110100
100010000001110
100010000011101
100010000101000
100010000111011
100010001000010
100010001010001
100010001100100
100010001110111
100010010000101
100010010010110
100010010100011
100010010110000
100010011001001
100010011011010
100010011101111
100010011111100
100010100001011
100010100011000
100010100101101
100010100111110
100010101000111
100010101010100
100010101100001
100010101110010
100010110000000
100010110010011
100010110100110
100010110110101
100010111001100
100010111011111
100010111101010
100010111111001
100011000000100
100011000010111
100011000100010
100011000110001
100011001001000
100011001011011
100011001101110
100011001111101
100011010001111
100011010011100
100011010101001
100011010111010
100011011000011
100011011010000
100011011100101
100011011110110
100011100000001
100011100010010
100011100100111
100011100110100
100011101001101
100011101011110
100011101101011
100011101111000
100011110001010
100011110011001
100011110101100
100011110111111
100011111000110
100011111010101
100011111100000
100011111110011
100100000000111
100100000010100
100100000100001
100100000110010
100100001001011
100100001011000
100100001101101
100100001111110
100100010001100
100100010011111
100100010101010
100100010111001
100100011000000
100100011010011
100100011100110
100100011110101
100100100000010
100100100010001
100100100100100
100100100110111
100100101001110
100100101011101
100100101101000
100100101111011
100100110001001
100100110011010
100100110101111
100100110111100
100100111000101
100100111010110
100100111100011
100100111110000
100101000001101
100101000011110
100101000101011
100101000111000
100101001000001
100101001010010
100101001100111
100101001110100
100101010000110
100101010010101
100101010100000
100101010110011
100101011001010
100101011011001
100101011101100
100101011111111
100101100001000
100101100011011
100101100101110
100101100111101
100101101000100
100101101010111
100101101100010
100101101110001
100101110000011
100101110010000
100101110100101
100101110110110
100101111001111
100101111011100
100101111101001
100101111111010
100110000000000
100110000010011
100110000100110
100110000110101
100110001001100
100110001011111
100110001101010
100110001111001
100110010001011
100110010011000
100110010101101
100110010111110
100110011000111
100110011010100
100110011100001
100110011110010
100110100000101
100110100010110
100110100100011
100110100110000
100110101001001
100110101011010
100110101101111
100110101111100
100110110001110
100110110011101
100110110101000
100110110111011
100110111000010
100110111010001
100110111100100
100110111110111
100111000001010
100111000011001
100111000101100
100111000111111
100111001000110
100111001010101
100111001100000
100111001110011
100111010000001
100111010010010
100111010100111
100111010110100
100111011001101
100111011011110
100111011101011
100111011111000
100111100001111
100111100011100
100111100101001
100111100111010
100111101000011
100111101010000
100111101100101
100111101110110
100111110000100
100111110010111
100111110100010
100111110110001
100111111001000
100111111011011
100111111101110
100111111111101
101000000000110
101000000010101
101000000100000
101000000110011
101000001001010
101000001011001
101000001101100
101000001111111
101000010001101
101000010011110
101000010101011
101000010111000
101000011000001
101000011010010
101000011100111
101000011110100
101000100000011
101000100010000
101000100100101
101000100110110
101000101001111
101000101011100
101000101101001
101000101111010
101000110001000
101000110011011
101000110101110
101000110111101
101000111000100
101000111010111
101000111100010
101000111110001
101001000001100
101001000011111
101001000101010
101001000111001
101001001000000
101001001010011
101001001100110
101001001110101
101001010000111
101001010010100
101001010100001
101001010110010
101001011001011
101001011011000
101001011101101
101001011111110
101001100001001
101001100011010
101001100101111
101001100111100
101001101000101
101001101010110
101001101100011
101001101110000
101001110000010
101001110010001
101001110100100
101001110110111
101001111001110
101001111011101
101001111101000
101001111111011
101010000000001
101010000010010
101010000100111
101010000110100
101010001001101
101010001011110
101010001101011
101010001111000
101010010001010
101010010011001
101010010101100
101010010111111
101010011000110
101010011010101
101010011100000
101010011110011
101010100000100
101010100010111
101010100100010
101010100110001
101010101001000
101010101011011
101010101101110
101010101111101
101010110001111
101010110011100
101010110101001
101010110111010
101010111000011
101010111010000
101010111100101
101010111110110
101011000001011
101011000011000
101011000101101
101011000111110
101011001000111
101011001010100
101011001100001
101011001110010
101011010000000
101011010010011
101011010100110
101011010110101
101011011001100
101011011011111
101011011101010
101011011111001
101011100001110
101011100011101
101011100101000
101011100111011
101011101000010
101011101010001
101011101100100
101011101110111
101011110000101
101011110010110
101011110100011
101011110110000
101011111001001
101011111011010
101011111101111
101011111111100
101100000001000
101100000011011
101100000101110
101100000111101
101100001000100
101100001010111
101100001100010
101100001110001
101100010000011
101100010010000
101100010100101
101100010110110
101100011001111
101100011011100
101100011101001
101100011111010
101100100001101
101100100011110
101100100101011
101100100111000
101100101000001
101100101010010
101100101100111
101100101110100
101100110000110
101100110010101
101100110100000
101100110110011
101100111001010
101100111011001
101100111101100
101100111111111
101101000000010
101101000010001
101101000100100
101101000110111
101101001001110
101101001011101
101101001101000
101101001111011
101101010001001
101101010011010
101101010101111
101101010111100
101101011000101
101101011010110
101101011100011
101101011110000
101101100000111
101101100010100
101101100100001
101101100110010
101101101001011
101101101011000
101101101101101
101101101111110
101101110001100
101101110011111
101101110101010
101101110111001
101101111000000
101101111010011
101101111100110
101101111110101
101110000001111
101110000011100
101110000101001
101110000111010
101110001000011
101110001010000
101110001100101
101110001110110
101110010000100
101110010010111
101110010100010
101110010110001
101110011001000
101110011011011
101110011101110
101110011111101
101110100001010
101110100011001
101110100101100
101110100111111
101110101000110
101110101010101
101110101100000
101110101110011
101110110000001
101110110010010
101110110100111
101110110110100
101110111001101
101110111011110
101110111101011
101110111111000
101111000000101
101111000010110
101111000100011
101111000110000
101111001001001
101111001011010
101111001101111
101111001111100
101111010001110
101111010011101
101111010101000
101111010111011
101111011000010
101111011010001
101111011100100
101111011110111
101111100000000
101111100010011
101111100100110
101111100110101
101111101001100
101111101011111
101111101101010
101111101111001
101111110001011
101111110011000
101111110101101
101111110111110
101111111000111
101111111010100
101111111100001
101111111110010
110000000000100
110000000010111
110000000100010
110000000110001
110000001001000
110000001011011
110000001101110
110000001111101
110000010001111
110000010011100
110000010101001
110000010111010
110000011000011
110000011010000
110000011100101
110000011110110
110000100000001
110000100010010
110000100100111
110000100110100
110000101001101
110000101011110
110000101101011
110000101111000
110000110001010
110000110011001
110000110101100
110000110111111
110000111000110
110000111010101
110000111100000
110000111110011
110001000001110
110001000011101
110001000101000
110001000111011
110001001000010
110001001010001
110001001100100
110001001110111
110001010000101
110001010010110
110001010100011
110001010110000
110001011001001
110001011011010
110001011101111
110001011111100
110001100001011
110001100011000
110001100101101
110001100111110
110001101000111
110001101010100
110001101100001
110001101110010
110001110000000
110001110010011
110001110100110
110001110110101
110001111001100
110001111011111
110001111101010
110001111111001
110010000000011
110010000010000
110010000100101
110010000110110
110010001001111
110010001011100
110010001101001
110010001111010
110010010001000
110010010011011
110010010101110
110010010111101
110010011000100
110010011010111
110010011100010
110010011110001
110010100000110
110010100010101
110010100100000
110010100110011
110010101001010
110010101011001
110010101101100
110010101111111
110010110001101
110010110011110
110010110101011
110010110111000
110010111000001
110010111010010
110010111100111
110010111110100
110011000001001
110011000011010
110011000101111
110011000111100
110011001000101
110011001010110
110011001100011
110011001110000
110011010000010
110011010010001
110011010100100
110011010110111
110011011001110
110011011011101
110011011101000
110011011111011
110011100001100
110011100011111
110011100101010
110011100111001
110011101000000
110011101010011
110011101100110
110011101110101
110011110000111
110011110010100
110011110100001
110011110110010
110011111001011
110011111011000
110011111101101
110011111111110
110100000001010
110100000011001
110100000101100
110100000111111
110100001000110
110100001010101
110100001100000
110100001110011
110100010000001
110100010010010
110100010100111
110100010110100
110100011001101
110100011011110
110100011101011
110100011111000
110100100001111
110100100011100
110100100101001
110100100111010
110100101000011
110100101010000
110100101100101
110100101110110
110100110000100
110100110010111
110100110100010
110100110110001
110100111001000
110100111011011
110100111101110
110100111111101
110101000000000
110101000010011
110101000100110
110101000110101
110101001001100
110101001011111
110101001101010
110101001111001
110101010001011
110101010011000
110101010101101
110101010111110
110101011000111
110101011010100
110101011100001
110101011110010
110101100000101
110101100010110
110101100100011
110101100110000
110101101001001
110101101011010
110101101101111
110101101111100
110101110001110
110101110011101
110101110101000
110101110111011
110101111000010
110101111010001
110101111100100
110101111110111
110110000001101
110110000011110
110110000101011
110110000111000
110110001000001
110110001010010
110110001100111
110110001110100
110110010000110
110110010010101
110110010100000
110110010110011
110110011001010
110110011011001
110110011101100
110110011111111
110110100001000
110110100011011
110110100101110
110110100111101
110110101000100
110110101010111
110110101100010
110110101110001
110110110000011
110110110010000
110110110100101
110110110110110
110110111001111
110110111011100
110110111101001
110110111111010
110111000000111
110111000010100
110111000100001
110111000110010
110111001001011
110111001011000
110111001101101
110111001111110
110111010001100
110111010011111
110111010101010
110111010111001
110111011000000
110111011010011
110111011100110
110111011110101
110111100000010
110111100010001
110111100100100
110111100110111
110111101001110
110111101011101
110111101101000
110111101111011
110111110001001
110111110011010
110111110101111
110111110111100
110111111000101
110111111010110
110111111100011
110111111110000
111000000001011
111000000011000
111000000101101
111000000111110
111000001000111
111000001010100
111000001100001
111000001110010
111000010000000
111000010010011
111000010100110
111000010110101
111000011001100
111000011011111
111000011101010
111000011111001
111000100001110
111000100011101
111000100101000
111000100111011
111000101000010
111000101010001
111000101100100
111000101110111
111000110000101
111000110010110
111000110100011
111000110110000
111000111001001
111000111011010
111000111101111
111000111111100
111001000000001
111001000010010
111001000100111
111001000110100
111001001001101
111001001011110
111001001101011
111001001111000
111001010001010
111001010011001
111001010101100
111001010111111
111001011000110
111001011010101
111001011100000
111001011110011
111001100000100
111001100010111
111001100100010
111001100110001
111001101001000
111001101011011
111001101101110
111001101111101
111001110001111
111001110011100
111001110101001
111001110111010
111001111000011
111001111010000
111001111100101
111001111110110
111010000001100
111010000011111
111010000101010
111010000111001
111010001000000
111010001010011
111010001100110
111010001110101
111010010000111
111010010010100
111010010100001
111010010110010
111010011001011
111010011011000
111010011101101
111010011111110
111010100001001
111010100011010
111010100101111
111010100111100
111010101000101
111010101010110
111010101100011
111010101110000
111010110000010
111010110010001
111010110100100
111010110110111
111010111001110
111010111011101
111010111101000
111010111111011
111011000000110
111011000010101
111011000100000
111011000110011
111011001001010
111011001011001
111011001101100
111011001111111
111011010001101
111011010011110
111011010101011
111011010111000
111011011000001
111011011010010
111011011100111
111011011110100
111011100000011
111011100010000
111011100100101
111011100110110
111011101001111
111011101011100
111011101101001
111011101111010
111011110001000
111011110011011
111011110101110
111011110111101
111011111000100
111011111010111
111011111100010
111011111110001
111100000000101
111100000010110
111100000100011
111100000110000
111100001001001
111100001011010
111100001101111
111100001111100
111100010001110
111100010011101
111100010101000
111100010111011
111100011000010
111100011010001
111100011100100
111100011110111
111100100000000
111100100010011
111100100100110
111100100110101
111100101001100
111100101011111
111100101101010
111100101111001
111100110001011
111100110011000
111100110101101
111100110111110
111100111000111
111100111010100
111100111100001
111100111110010
111101000001111
111101000011100
111101000101001
111101000111010
111101001000011
111101001010000
111101001100101
111101001110110
111101010000100
111101010010111
111101010100010
111101010110001
111101011001000
111101011011011
111101011101110
111101011111101
111101100001010
111101100011001
111101100101100
111101100111111
111101101000110
111101101010101
111101101100000
111101101110011
111101110000001
111101110010010
111101110100111
111101110110100
111101111001101
111101111011110
111101111101011
111101111111000
111110000000010
111110000010001
111110000100100
111110000110111
111110001001110
111110001011101
111110001101000
111110001111011
111110010001001
111110010011010
111110010101111
111110010111100
111110011000101
111110011010110
111110011100011
111110011110000
111110100000111
111110100010100
111110100100001
111110100110010
111110101001011
111110101011000
111110101101101
111110101111110
111110110001100
111110110011111
111110110101010
111110110111001
111110111000000
111110111010011
111110111100110
111110111110101
111111000001000
111111000011011
111111000101110
111111000111101
111111001000100
111111001010111
111111001100010
111111001110001
111111010000011
111111010010000
111111010100101
111111010110110
111111011001111
111111011011100
111111011101001
111111011111010
111111100001101
111111100011110
111111100101011
111111100111000
111111101000001
111111101010010
111111101100111
111111101110100
111111110000110
111111110010101
111111110100000
111111110110011
111111111001010
111111111011001
111111111101100
111111111111111
